1-cycle
1-row
1 -4 4 101
1 -4 3 102
1 -4 2 103
1 -4 1 104
1 -4 0 105
2-row
1 -3 4 106
1 -3 3 107
1 -3 2 108
1 -3 1 109
1 -3 0 110
3-row
0 0 0 1
0 0 0 1
0 0 0 1
0 0 0 1
0 0 0 1
4-row
0 0 0 1
0 0 0 1
0 0 0 1
0 0 0 1
0 0 0 1
5-row
0 0 0 1
0 0 0 1
0 0 0 1
0 0 0 1
0 0 0 1
2-cycle
1-row
1 -4 4 101
1 -4 3 102
1 -4 2 103
1 -4 1 104
1 -4 0 105
2-row
1 -3 4 106
1 -3 3 107
1 -3 2 108
1 -3 1 109
1 -3 0 110
3-row
0 0 0 1
0 0 0 1
0 0 0 1
0 0 0 1
0 0 0 1
4-row
0 0 0 1
0 0 0 1
0 0 0 1
0 0 0 1
0 0 0 1
5-row
0 0 0 1
0 0 0 1
0 0 0 1
0 0 0 1
0 0 0 1
3-cycle
1-row
1 -4 4 111
1 -4 3 112
1 -4 2 103
1 -4 1 104
1 -4 0 105
2-row
1 -3 4 116
1 -3 3 117
1 -3 2 108
1 -3 1 109
1 -3 0 110
3-row
0 0 0 1
0 0 0 1
0 0 0 1
0 0 0 1
0 0 0 1
4-row
0 0 0 1
0 0 0 1
0 0 0 1
0 0 0 1
0 0 0 1
5-row
0 0 0 1
0 0 0 1
0 0 0 1
0 0 0 1
0 0 0 1
1-cycle
1-row
1 -4 4 111
1 -4 3 112
1 -4 2 113
1 -4 1 114
1 -4 0 115
2-row
1 -3 4 116
1 -3 3 117
1 -3 2 118
1 -3 1 119
1 -3 0 120
3-row
0 0 0 1
0 0 0 1
0 0 0 1
0 0 0 1
0 0 0 1
4-row
0 0 0 1
0 0 0 1
0 0 0 1
0 0 0 1
0 0 0 1
5-row
0 0 0 1
0 0 0 1
0 0 0 1
0 0 0 1
0 0 0 1
2-cycle
1-row
0 0 0 1
0 0 0 1
1 -4 2 113
1 -4 1 114
1 -4 0 115
2-row
0 0 0 1
0 0 0 1
1 -3 2 118
1 -3 1 119
1 -3 0 120
3-row
0 0 0 1
0 0 0 1
0 0 0 1
0 0 0 1
0 0 0 1
4-row
0 0 0 1
0 0 0 1
0 0 0 1
0 0 0 1
0 0 0 1
5-row
0 0 0 1
0 0 0 1
0 0 0 1
0 0 0 1
0 0 0 1
3-cycle
1-row
0 0 0 1
0 0 0 1
1 -4 2 113
1 -4 1 114
1 -4 0 115
2-row
0 0 0 1
0 0 0 1
1 -3 2 118
1 -3 1 119
1 -3 0 120
3-row
0 0 0 1
0 0 0 1
0 0 0 1
0 0 0 1
0 0 0 1
4-row
0 0 0 1
0 0 0 1
0 0 0 1
0 0 0 1
0 0 0 1
5-row
0 0 0 1
0 0 0 1
0 0 0 1
0 0 0 1
0 0 0 1
3-cycle
1-row
0 0 0 1
0 0 0 1
0 0 0 1
0 0 0 1
0 0 0 1
2-row
0 0 0 1
0 0 0 1
0 0 0 1
0 0 0 1
0 0 0 1
3-row
0 0 0 1
0 0 0 1
0 0 0 1
0 0 0 1
0 0 0 1
4-row
0 0 0 1
0 0 0 1
0 0 0 1
0 0 0 1
0 0 0 1
5-row
0 0 0 1
0 0 0 1
0 0 0 1
0 0 0 1
0 0 0 1